공원면적,총인구수,인구당공원면적
5106.7,990362,0.005156397357733838
315666.0,157308,2.0066748035700663
1500.0,570396,0.0026297519617949636
2394.0,781898,0.003061780436834472
384076.2,377418,1.0176414479436593
400943.5,530504,0.7557784672688613
1530171.0,1471298,1.0400143274849827
3266765.0999999996,959492,3.404681956702088
34694.7,735236,0.04718852178076155
349407.5,723682,0.48281911115655773
68562.9,538806,0.12724969655126334
23925.8,386726,0.06186757549272611
2412540.0,1034672,2.331695455178066
344063.5,592204,0.580988139222295
395858.0,377148,1.0496091719961393
27775.0,245322,0.11321854542193525
181881.0,83524,2.1775896748240027
281211.0,873762,0.32183935671269753
1813984.0,444296,4.082827664439923
24507.0,992900,0.02468224393191661
815078.7999999999,1166058,0.6990036516193876
398717.0,291228,1.369088823876825
1104012.0,653536,1.6892902609802674
