면적,인구,인구당공원면적
3626398,537800,6.743023428783935
1526387,466472,3.2721942581762677
2047054,302563,6.765711603864319
2194152,579768,3.784534503456555
10431453,499449,20.88592228635957
584002,352627,1.6561465798137975
1617657,421163,3.84092857159817
57568,244891,0.23507601341004775
12235699,514946,23.76113029327347
1084218,319373,3.3948330009111602
458663,352006,1.3029976761759743
3706738,394364,9.399280867421975
2685112,378686,7.090602768520621
3321475,315659,10.522351651624062
13359636,416167,32.10162266590095
626838,292672,2.1417764596544937
1198327,440142,2.722591799919117
2838992,663965,4.275815743299722
1203428,450487,2.671393403139269
424446,400908,1.0587117243856445
247194,237285,1.0417599089702256
2986459,477173,6.258650426574848
5575526,153789,36.25438750495809
2975303,131787,22.57660467269154
7046975,391885,17.982252446508543
